LAMMPS data file for C-S-H with PE additives

200 atoms
180 bonds
160 angles

Atoms
1 1 0.0 5.0 5.0 0.0  # C-S-H base
2 1 0.0 5.5 5.5 0.0
3 2 0.0 6.0 6.0 0.0
4 2 0.0 6.5 6.5 0.0
5 3 0.0 7.0 7.0 0.0  # PE additive
6 3 0.0 7.5 7.5 0.0
7 3 0.0 8.0 8.0 0.0
8 3 0.0 8.5 8.5 0.0
9 1 0.0 9.0 9.0 0.0
10 1 0.0 9.5 9.5 0.0
...
200 2 0.0 15.0 15.0 0.0

Bonds
1 1 1 2
2 1 2 3
3 2 3 4
4 2 4 5
5 3 5 6
6 3 6 7
7 3 7 8
8 3 8 9
...
180 2 179 180

Angles
1 1 1 2 3
2 1 2 3 4
3 2 3 4 5
4 2 4 5 6
5 3 5 6 7
6 3 6 7 8
...
160 2 159 160
